# Created by Octave 5.2.0, Tue Nov 08 11:18:07 2022 -03 <ufc@ufc-OptiPlex-3070>
# name: illumCoeff
# type: matrix
# rows: 5
# columns: 4
 0.039514796908802399 0.036686620245916478 0.01657678300350033 0.01286012918927308
 0.030742651108290112 0.049325058484161625 0.03162125683150574 0.026126074702571479
 0.032928528617990893 0.055736906690149045 0.027282457870900483 0.01752333928204447
 0 0.015463948767693348 0.051467418777965998 0.057272248018036424
 0.018254810428712041 0.036505670814151035 0.048365355348957598 0.045336747464977234


